2 0.5234030109375001 0.3984833015625 0.4648749515625 0.3088645671875 0.4186760578125 0.389592559375 0.4818235140625 0.4834788703125 0.5234030109375001 0.3984833015625
2 0.31943251250000004 0.5522932390624999 0.31543020781250003 0.5690078484375001 0.3318471421875 0.60652679375 0.45769840000000006 0.46854239687500004 0.4392433171875 0.425866809375 0.31943251250000004 0.5522932390624999
2 0.5112179734375 0.52490973125 0.5145080171874999 0.6276867828125 0.52918313125 0.6269755171875 0.5271819796874999 0.523131584375 0.5112179734375 0.52490973125
3 0.3695850765625 0.31971128437499996 0.218156709375 0.5451806343750001 0.2699721921875 0.642445434375 0.40960811562500005 0.42106580625 0.3695850765625 0.31971128437499996
8 0.37755275 0.5700747390625 0.3617658921875 0.57896548125 0.3691034484375 0.6426232390625 0.444257815625 0.6532921359375 0.500067734375 0.637644415625 0.5088841515625 0.5638512046875 0.42313455156249996 0.5579833109375001 0.41446289375 0.5622508703125 0.41246174062499996 0.576476078125 0.37755275 0.5700747390625
2 0.2984375 0.42000000000000004 0.30520833281250004 0.4066666671875 0.3104166671875 0.4033333328125 0.3234375 0.3808333328125 0.321875 0.3408333328125 0.3166666671875 0.3391666671875 0.2546875 0.3491666671875 0.259375 0.4583333328125 0.2609375 0.46749999999999997 0.2635416671875 0.47083333281249995 0.2984375 0.42000000000000004
2 0.3338541671875 0.34249999999999997 0.3317708328125 0.3525 0.3338541671875 0.36833333281249997 0.3427083328125 0.3583333328125 0.35104166718749996 0.3416666671875 0.3338541671875 0.34249999999999997
2 0.39791666718749996 0.3741666671875 0.4088541671875 0.4216666671875 0.3802083328125 0.4733333328125 0.3765625 0.48166666718749995 0.3791666671875 0.4841666671875 0.384375 0.48333333281249996 0.4380208328125 0.42750000000000005 0.434375 0.4166666671875 0.4213541671875 0.3966666671875 0.4192708328125 0.3866666671875 0.44322916718750005 0.3458333328125 0.4401041671875 0.34249999999999997 0.3885416671875 0.34249999999999997 0.384375 0.34500000000000003 0.3869791671875 0.3566666671875 0.3916666671875 0.3641666671875 0.3916666671875 0.3725 0.39791666718749996 0.3741666671875
2 0.5114583328125 0.5525 0.5078125 0.44666666718750003 0.50625 0.4441666671875 0.5020833328125 0.44666666718750003 0.49895833281249996 0.4583333328125 0.49375 0.4625 0.48645833281249995 0.4791666671875 0.48020833281249997 0.4783333328125 0.46666666718750005 0.46666666718750005 0.4635416671875 0.46666666718750005 0.45885416718750005 0.4725 0.4583333328125 0.5575 0.4604166671875 0.5599999999999999 0.5098958328125 0.5633333328125001 0.5114583328125 0.5525
2 0.3494791671875 0.6091666671875 0.3505208328125 0.595 0.3494791671875 0.5925 0.3453125 0.595 0.340625 0.6041666671875 0.33125 0.605 0.31875 0.5708333328124999 0.3140625 0.5691666671875 0.29739583281250004 0.5983333328125 0.2953125 0.6041666671875 0.2979166671875 0.6066666671875 0.3453125 0.6216666671875 0.3494791671875 0.6091666671875
2 0.4109375 0.5666666671875 0.4125 0.5308333328125 0.3973958328125 0.5433333328125001 0.375 0.5683333328125 0.3729166671875 0.5758333328125 0.3890625 0.5725 0.4078125 0.5775 0.4109375 0.5666666671875
2 0.5223958328125 0.4591666671875 0.5223958328125 0.44166666718750003 0.5197916671875 0.42833333281249997 0.5166666671875 0.4258333328125 0.5098958328125 0.4341666671875 0.5109375 0.4591666671875 0.5145833328125 0.46333333281250005 0.5203125 0.4625 0.5223958328125 0.4591666671875