2 0.2499583734375 0.4217168 0.3806054890625 0.4164346265625 0.40109470781249995 0.41537820937500003 0.40054968124999996 0.3261217765625 0.3798336484375 0.32452506875 0.2489669578125 0.34301263125000003 0.2499583734375 0.4217168
2 0.25425451093749996 0.524718890625 0.29424156562500003 0.530001040625 0.303825228125 0.52366245 0.2974804 0.4260196953125 0.25491544374999997 0.42013215312499996 0.24500130156250002 0.4285835984375 0.25425451093749996 0.524718890625
2 0.5243725609375 0.3675131609375 0.5219534015625 0.3221575734375 0.40275908125 0.31838908906249996 0.404080946875 0.37596460781249996 0.518424075 0.38124678125 0.5243725609375 0.3675131609375
8 0.392183975 0.45554017968749994 0.430849134375 0.46399162499999996 0.43481479062500006 0.627738553125 0.513136521875 0.5981584578125 0.51875455625 0.578086246875 0.48603788437500006 0.3910978390625 0.4733919140625 0.38479198281250004 0.4050723609375 0.4122264890625 0.38656597187499997 0.431242259375 0.392183975 0.45554017968749994
7 0.4540664234375 0.4323624203125 0.448364140625 0.609779196875 0.468853359375 0.6108356374999999 0.4731494984375 0.43335511406249994 0.4540664234375 0.4323624203125
3 0.2958333328125 0.5316666671875 0.2760416671875 0.5308333328125 0.2760416671875 0.6 0.2989583328125 0.6083333328125 0.3223958328125 0.6108333328125 0.3348958328125 0.6208333328125 0.3453125 0.6224999999999999 0.3869791671875 0.6408333328125 0.40833333281249995 0.645 0.4234375 0.6441666671874999 0.42083333281249996 0.4766666671875 0.4166666671875 0.4716666671875 0.3963541671875 0.46749999999999997 0.3916666671875 0.46166666718749994 0.38333333281250004 0.4591666671875 0.3098958328125 0.44749999999999995 0.3026041671875 0.4491666671875 0.3005208328125 0.4566666671875 0.303125 0.5091666671875 0.3015625 0.5258333328125 0.2958333328125 0.5316666671875
2 0.3375 0.4516666671875 0.3359375 0.4225 0.30416666718749996 0.425 0.3057291671875 0.44749999999999995 0.3161458328125 0.4483333328125 0.3260416671875 0.4533333328125 0.3375 0.4516666671875
2 0.39114583281250004 0.41916666718749995 0.3385416671875 0.4225 0.340625 0.4516666671875 0.39010416718749996 0.4583333328125 0.3885416671875 0.43166666718749996 0.39114583281250004 0.41916666718749995
2 0.45677083281249997 0.3808333328125 0.4166666671875 0.38 0.41614583281249995 0.40499999999999997 0.4447916671875 0.395 0.45729166718750003 0.3875 0.45677083281249997 0.3808333328125
2 0.5166666671875 0.4066666671875 0.49375 0.4108333328125 0.5041666671875 0.4783333328125 0.5255208328125 0.4783333328125 0.5229166671875001 0.40833333281249995 0.5166666671875 0.4066666671875
2 0.5265625 0.6041666671875 0.5208333328125 0.5075000000000001 0.5192708328125 0.5041666671875 0.509375 0.5058333328125 0.51875 0.575 0.5182291671875 0.5883333328125 0.5109375 0.6041666671875 0.5265625 0.6041666671875