5 0.3602210453125 0.40586617187499996 0.3346699453125 0.4919027171875 0.33476694687499997 0.4939430234375 0.49955972187500003 0.6040769203125 0.5111428671875 0.596997996875 0.51931921875 0.5283865578125 0.3602210453125 0.40586617187499996
1 0.27913887656249997 0.6340263640625 0.32104268125 0.6367490234375001 0.340802209375 0.5833846046875 0.33068026875 0.3803334046875 0.29753566875000004 0.3775503578125 0.27198456875 0.40477709375000004 0.27913887656249997 0.6340263640625
6 0.3375 0.4033333328125 0.3416666671875 0.4091666671875 0.3541666671875 0.41333333281250006 0.3578125 0.40750000000000003 0.3619791671875 0.4066666671875 0.39114583281250004 0.42416666718749996 0.4859375 0.5025000000000001 0.5125 0.5166666671875 0.521875 0.5316666671875 0.525 0.5458333328125 0.5286458328125 0.5425 0.5276041671875 0.45083333281250004 0.5213541671875 0.3366666671875 0.41302083281249996 0.3325 0.3640625 0.3358333328125 0.3489583328125 0.335 0.340625 0.32999999999999996 0.3333333328125 0.3325 0.3317708328125 0.33999999999999997 0.3322916671875 0.37333333281250003 0.3338541671875 0.38 0.3416666671875 0.39249999999999996 0.3375 0.4033333328125
2 0.5196599421875 0.31275067968750003 0.4537914140625 0.31658124375 0.45867796250000004 0.44452816874999995 0.5244294390625 0.437449196875 0.5196599421875 0.31275067968750003
8 0.3557921765625 0.612789496875 0.369419440625 0.621502075 0.47877818124999993 0.6421943906250001 0.4791188421875 0.5910080796875 0.35060281875 0.5062030546875 0.3397801640625 0.5321982937499999 0.3425056046875 0.582840053125 0.3557921765625 0.612789496875
2 0.45152365312500004 0.3176514953125 0.303327271875 0.32854219218749997 0.304008625 0.374283146875 0.450501609375 0.3710159375 0.45152365312500004 0.3176514953125
3 0.270281171875 0.399876278125 0.3016238453125 0.3704713859375 0.30060180000000003 0.344333703125 0.260185090625 0.3460053171875 0.2644896 0.513139584375 0.2736879953125 0.5147731890625 0.270281171875 0.399876278125
2 0.5270833328125 0.5583333328125 0.525 0.5366666671875 0.5197916671875 0.5391666671875 0.5130208328125 0.5566666671875 0.50625 0.6033333328125 0.5078125 0.6258333328125001 0.5244791671875 0.6266666671875 0.5270833328125 0.5583333328125
2 0.278125 0.5783333328125 0.2776041671875 0.5325 0.275 0.5175 0.2697916671875 0.5233333328125 0.2692708328125 0.5316666671875 0.265625 0.6 0.2677083328125 0.6058333328125001 0.27395833281250004 0.6066666671875 0.278125 0.5783333328125
2 0.3333333328125 0.6341666671875 0.3291666671875 0.6325000000000001 0.3166666671875 0.6375 0.3083333328125 0.6416666671875 0.3307291671875 0.6433333328125 0.3328125 0.6416666671875 0.3333333328125 0.6341666671875
2 0.28177083281250004 0.6375 0.2713541671875 0.6216666671875 0.2703125 0.6233333328125 0.2708333328125 0.6433333328125 0.27291666718749996 0.6458333328125 0.2822916671875 0.6441666671874999 0.28177083281250004 0.6375