2 0.322047784375 0.34038881875000004 0.2575994296875 0.3393486609375 0.255713953125 0.41059888750000006 0.3200967890625 0.41371933437499997 0.322047784375 0.34038881875000004
2 0.50393425625 0.31516519375 0.3575512625 0.3214060890625 0.3589103 0.38277490468750003 0.5042594312500001 0.3760139203125 0.50393425625 0.31516519375
8 0.3927083328125 0.6391666671875 0.3994791671875 0.6475 0.4234375 0.6491666671874999 0.5135416671875 0.6433333328125 0.525 0.6383333328125 0.5302083328125 0.6266666671875 0.5244791671875 0.49833333281250003 0.521875 0.4875 0.5161458328124999 0.4783333328125 0.4609375 0.4783333328125 0.4614583328125 0.4875 0.48541666718750004 0.5633333328125001 0.4890625 0.5691666671875 0.4890625 0.5775 0.43385416718750003 0.6316666671875 0.4296875 0.6291666671875 0.4046875 0.5625 0.3848958328125 0.5183333328125 0.384375 0.5266666671875 0.3875 0.5416666671875 0.39114583281250004 0.6308333328125 0.3927083328125 0.6391666671875
2 0.431733846875 0.6326707234375 0.49091405000000005 0.573382221875 0.4564464609375 0.4714476125 0.43166188906249997 0.42126040781249996 0.3719033515625 0.477168440625 0.39271394531250003 0.5307361140625 0.431733846875 0.6326707234375
2 0.2802083328125 0.4841666671875 0.284375 0.4766666671875 0.328125 0.4625 0.32864583281250004 0.4291666671875 0.3265625 0.4158333328125 0.2760416671875 0.4141666671875 0.2567708328125 0.4141666671875 0.2598958328125 0.4925 0.2619791671875 0.5016666671875 0.2869791671875 0.5008333328125001 0.2883463546875 0.4971875 0.2802083328125 0.4841666671875
2 0.37552083281250004 0.44166666718750003 0.41041666718750003 0.44000000000000006 0.42604166718750003 0.425 0.4322916671875 0.42416666718749996 0.43854166718750004 0.4291666671875 0.4453125 0.4233333328125 0.45208333281249996 0.425 0.4536458328125 0.4225 0.4536458328125 0.38166666718750003 0.3692708328125 0.3858333328125 0.3604166671875 0.3825 0.3567708328125 0.365 0.3557291671875 0.335 0.3375 0.3375 0.3328125 0.3458333328125 0.33541666718749996 0.45499999999999996 0.35625 0.44666666718750003 0.3671875 0.44666666718750003 0.37552083281250004 0.44166666718750003
2 0.2703125 0.5508333328125 0.27291666718749996 0.6208333328125 0.3328125 0.6158333328125 0.3317708328125 0.5458333328125 0.2703125 0.5508333328125
2 0.3890625 0.6408333328125 0.3875 0.5375 0.3817708328125 0.5341666671875 0.33125 0.5425 0.3307291671875 0.5883333328125 0.334375 0.6458333328125 0.3671875 0.6458333328125 0.3890625 0.6408333328125
2 0.49791666718750005 0.4733333328125 0.5052083328125 0.47583333281250006 0.509375 0.4725 0.5130208328125 0.41333333281250006 0.5125 0.4 0.509375 0.3916666671875 0.49427083281249995 0.3858333328125 0.46302083281249995 0.385 0.45885416718750005 0.3891666671875 0.45729166718750003 0.40416666718750005 0.45677083281249997 0.41916666718749995 0.45885416718750005 0.4258333328125 0.484375 0.4291666671875 0.49791666718750005 0.4733333328125
3 0.4947916671875 0.4733333328125 0.4947916671875 0.4691666671875 0.48541666718750004 0.46333333281250005 0.4770833328125 0.43916666718749997 0.46875 0.425 0.45885416718750005 0.4258333328125 0.4557291671875 0.4183333328125 0.45416666718750004 0.42416666718749996 0.4453125 0.4225 0.4375 0.4291666671875 0.4390625 0.4375 0.46197916718750004 0.48250000000000004 0.4796875 0.48 0.4947916671875 0.4733333328125
3 0.37447916718749996 0.5366666671875 0.3838541671875 0.5316666671875 0.38229166718749996 0.5058333328125 0.3739583328125 0.4808333328125 0.3739583328125 0.4766666671875 0.3828125 0.4658333328125 0.3848958328125 0.45583333281250005 0.38333333281250004 0.4516666671875 0.3458333328125 0.4566666671875 0.328125 0.4641666671875 0.2880208328125 0.47416666718749995 0.2796875 0.4791666671875 0.2796875 0.48333333281249996 0.2911458328125 0.5 0.3244791671875 0.5416666671875 0.37447916718749996 0.5366666671875
2 0.5223958328125 0.43583333281250003 0.5208333328125 0.4016666671875 0.5197916671875 0.3983333328125 0.515625 0.40083333281250005 0.5140625 0.4691666671875 0.5182291671875 0.4716666671875 0.5234375 0.4683333328125 0.5223958328125 0.43583333281250003