2 0.45885416718750005 0.3933333328125 0.4625 0.44749999999999995 0.46875 0.45 0.5020833328125 0.44749999999999995 0.525 0.43916666718749997 0.51875 0.3183333328125 0.5072916671875001 0.3166666671875 0.45625 0.3258333328125 0.4557291671875 0.34249999999999997 0.4578125 0.375 0.4604166671875 0.385 0.45885416718750005 0.3933333328125
9 0.4770833328125 0.4233333328125 0.5020833328125 0.4166666671875 0.5067708328125 0.3775 0.5036458328125 0.365 0.4984375 0.3566666671875 0.4895833328125 0.3541666671875 0.471875 0.3608333328125 0.4671875 0.36833333281249997 0.465625 0.3791666671875 0.46510416718750003 0.3933333328125 0.46666666718750005 0.3983333328125 0.4703125 0.4 0.4770833328125 0.4233333328125
8 0.29635416718749996 0.5758333328125 0.309375 0.5808333328125 0.3182291671875 0.5791666671875 0.3338541671875 0.5608333328125 0.3645833328125 0.5091666671875 0.3640625 0.5025000000000001 0.39114583281250004 0.4525 0.3958333328125 0.44000000000000006 0.3958333328125 0.40750000000000003 0.3880208328125 0.3933333328125 0.36875 0.3708333328125 0.3401041671875 0.32999999999999996 0.3338541671875 0.325 0.3255208328125 0.325 0.31979166718749996 0.32999999999999996 0.29739583281250004 0.3716666671875 0.2494791671875 0.4625 0.2453125 0.47583333281250006 0.2453125 0.495 0.2479166671875 0.505 0.2619791671875 0.5225 0.29635416718749996 0.5758333328125
2 0.3427083328125 0.6416666671875 0.3447916671875 0.5683333328125 0.34322916718749996 0.5633333328125001 0.3375 0.5591666671875 0.3338541671875 0.5608333328125 0.3291666671875 0.5708333328124999 0.3223958328125 0.5758333328125 0.3203125 0.5808333328125 0.3135416671875 0.5833333328125 0.29635416718749996 0.5766666671875 0.2833333328125 0.5558333328125 0.2671875 0.5558333328125 0.2697916671875 0.6525000000000001 0.3109375 0.6508333328125 0.3411458328125 0.6458333328125 0.3427083328125 0.6416666671875
2 0.365625 0.5558333328125 0.3692708328125 0.5558333328125 0.3734375 0.5475 0.390625 0.49749999999999994 0.3895833328125 0.4933333328125 0.3854166671875 0.49083333281249997 0.3807291671875 0.49083333281249997 0.375 0.49583333281249997 0.3739583328125 0.5025000000000001 0.35208333281250004 0.5408333328125 0.3578125 0.55 0.365625 0.5558333328125
2 0.42291666718750004 0.5083333328124999 0.4135416671875 0.49083333281249997 0.396875 0.49083333281249997 0.3916666671875 0.495 0.3807291671875 0.525 0.375 0.5441666671875 0.37552083281250004 0.5525 0.39375 0.5516666671875 0.42291666718750004 0.5083333328124999
2 0.4348958328125 0.63 0.42864583281249996 0.5475 0.3802083328125 0.5549999999999999 0.3713541671875 0.5599999999999999 0.3734375 0.6141666671875 0.3770833328125 0.64 0.38125 0.6416666671875 0.4348958328125 0.63
2 0.440625 0.6466666671875 0.47552083281249996 0.645 0.5135416671875 0.6383333328125 0.534375 0.6158333328125 0.5291666671875 0.5166666671875 0.4604166671875 0.5266666671875 0.43072916718750004 0.545 0.4296875 0.5599999999999999 0.4359375 0.63 0.4375 0.6416666671875 0.440625 0.6466666671875
2 0.5307291671875001 0.5008333328125001 0.528125 0.4575 0.5114583328125 0.4575 0.5135416671875 0.5183333328125 0.515625 0.5216666671875 0.5291666671875 0.5191666671874999 0.5307291671875001 0.5008333328125001
2 0.5114583328125 0.46666666718750005 0.5140625 0.45083333281250004 0.47083333281249995 0.45416666718750004 0.4578125 0.48166666718749995 0.45989583281249996 0.5266666671875 0.5098958328125 0.5225 0.5140625 0.5166666671875 0.5114583328125 0.46666666718750005
2 0.3729166671875 0.37 0.3765625 0.3791666671875 0.3890625 0.39 0.39791666718749996 0.4125 0.3973958328125 0.43666666718749997 0.3947916671875 0.44666666718750003 0.3760416671875 0.48166666718749995 0.3765625 0.4858333328125 0.3739583328125 0.49000000000000005 0.3932291671875 0.4916666671875 0.453125 0.48250000000000004 0.45416666718750004 0.47000000000000003 0.45989583281249996 0.45999999999999996 0.4609375 0.44333333281250004 0.4557291671875 0.40416666718750005 0.4557291671875 0.3716666671875 0.45104166718750005 0.3283333328125 0.446875 0.3258333328125 0.4322916671875 0.3291666671875 0.3708333328125 0.32999999999999996 0.353125 0.3325 0.3484375 0.3358333328125 0.3494791671875 0.33999999999999997 0.3567708328125 0.3416666671875 0.3604166671875 0.3525 0.3729166671875 0.37