2 0.2911458328125 0.5091666671875 0.3338541671875 0.5008333328125001 0.3333333328125 0.45416666718750004 0.3244791671875 0.3483333328125 0.3177083328125 0.3458333328125 0.25833333281250004 0.355 0.2567708328125 0.3583333328125 0.259375 0.41916666718749995 0.26614583281250004 0.5083333328124999 0.2911458328125 0.5091666671875
2 0.3770833328125 0.5091666671875 0.384375 0.45083333281250004 0.3828125 0.44000000000000006 0.39010416718749996 0.43499999999999994 0.3921875 0.3641666671875 0.3848958328125 0.3625 0.3817708328125 0.365 0.3796875 0.42750000000000005 0.3776041671875 0.43499999999999994 0.3734375 0.43666666718749997 0.34427083281250004 0.43666666718749997 0.3395833328125 0.4341666671875 0.33541666718749996 0.42000000000000004 0.33541666718749996 0.37666666718749997 0.33125 0.3741666671875 0.32864583281250004 0.3775 0.3348958328125 0.4858333328125 0.3390625 0.5133333328125 0.3489583328125 0.515 0.3770833328125 0.5091666671875
2 0.3791666671875 0.43499999999999994 0.38125 0.41333333281250006 0.38125 0.335 0.3375 0.3333333328125 0.3348958328125 0.3533333328125 0.3348958328125 0.4341666671875 0.3375 0.4375 0.3494791671875 0.43833333281250003 0.3791666671875 0.43499999999999994
2 0.3791666671875 0.43499999999999994 0.3807291671875 0.43166666718749996 0.38229166718749996 0.3591666671875 0.38125 0.335 0.3375 0.3333333328125 0.3348958328125 0.3525 0.3348958328125 0.4341666671875 0.3375 0.4375 0.3494791671875 0.43833333281250003 0.3791666671875 0.43499999999999994
2 0.45885416718750005 0.45416666718750004 0.45104166718750005 0.40499999999999997 0.44739583281249995 0.40833333281249995 0.4458333328125 0.42083333281249996 0.4421875 0.4233333328125 0.4390625 0.43916666718749997 0.4375 0.4658333328125 0.4375 0.5016666671875 0.44739583281249995 0.5025000000000001 0.459375 0.49749999999999994 0.45885416718750005 0.45416666718750004
2 0.4265625 0.5700000000000001 0.4484375 0.4125 0.4479166671875 0.3491666671875 0.40052083281249995 0.335 0.3963541671875 0.3375 0.3942708328125 0.35583333281249996 0.3890625 0.3691666671875 0.3890625 0.3958333328125 0.3848958328125 0.4108333328125 0.38333333281250004 0.4591666671875 0.37447916718749996 0.5416666671875 0.3739583328125 0.5566666671875 0.3765625 0.5608333328125 0.4213541671875 0.5741666671875 0.4265625 0.5700000000000001
2 0.41510416718750004 0.5825 0.41302083281249996 0.5783333328125 0.3973958328125 0.575 0.3765625 0.5616666671874999 0.3645833328125 0.5616666671874999 0.35208333281250004 0.5666666671875 0.3473958328125 0.5883333328125 0.3447916671875 0.6125 0.4 0.6308333328125 0.40833333281249995 0.6158333328125 0.41510416718750004 0.5825
2 0.31875 0.635 0.3182291671875 0.61 0.26510416718749996 0.6083333328125 0.2619791671875 0.6108333328125 0.2614583328125 0.6275000000000001 0.2640625 0.6341666671875 0.30416666718749996 0.6375 0.31875 0.635
2 0.5098958328125 0.6366666671875 0.5114583328125 0.6341666671875 0.5078125 0.5008333328125001 0.4427083328125 0.505 0.4369791671875 0.5141666671875 0.4328125 0.5358333328125 0.43177083281249995 0.5700000000000001 0.4348958328125 0.625 0.4375 0.6408333328125 0.5098958328125 0.6366666671875
2 0.5234375 0.4341666671875 0.5208333328125 0.3233333328125 0.4614583328125 0.3241666671875 0.4578125 0.3283333328125 0.45989583281249996 0.44749999999999995 0.4682291671875 0.45083333281250004 0.5213541671875 0.45 0.5234375 0.4341666671875
2 0.5078125 0.4525 0.4614583328125 0.4533333328125 0.4625 0.5016666671875 0.5098958328125 0.49749999999999994 0.5098958328125 0.4575 0.5078125 0.4525
2 0.5270833328125 0.4575 0.525 0.45416666718750004 0.5098958328125 0.4566666671875 0.5130208328125 0.5516666671875 0.5151041671875001 0.5558333328125 0.5291666671875 0.5549999999999999 0.5270833328125 0.4575