2 0.41726270000000004 0.45030872187500004 0.41726270000000004 0.37344294218749996 0.4111303984375 0.35848249375 0.3655441671875 0.3765782546875 0.364976840625 0.4477293265625 0.3717546375 0.46991208125000006 0.41726270000000004 0.45030872187500004
2 0.45502470937500006 0.6380881859375 0.5140883953125 0.5839210312499999 0.49310948125 0.4864201515625 0.4526553125 0.42071456874999996 0.394992796875 0.4755867203125 0.41661720625000004 0.5730876 0.45502470937500006 0.6380881859375
2 0.3865913078125 0.3661913921875 0.4088612109375 0.3522626953125 0.419189271875 0.36980252812500003 0.5073006578125 0.364643759375 0.504922 0.3192784796875 0.3598028546875 0.3244052890625 0.3607711109375 0.3713501609375 0.3865913078125 0.3661913921875
2 0.3295032203125 0.545267559375 0.26875400625 0.54847758125 0.274958084375 0.6200698390625 0.33240799062500004 0.6154269390625 0.3295032203125 0.545267559375
2 0.27786640625 0.475560471875 0.330152265625 0.46111590468749997 0.324342725 0.3373052640625 0.2547194328125 0.3425081171875 0.2614060421875 0.5018702328125 0.2901309796875 0.5013543640625 0.27786640625 0.475560471875
2 0.4515625 0.4183333328125 0.4536458328125 0.40416666718750005 0.45208333281249996 0.38166666718750003 0.428125 0.3825 0.4203125 0.37333333281250003 0.41770833281249997 0.375 0.41822916718750003 0.4125 0.42083333281249996 0.4291666671875 0.43645833281249996 0.4291666671875 0.4515625 0.4183333328125
2 0.3651041671875 0.44166666718750003 0.3661458328125 0.3875 0.3645833328125 0.3808333328125 0.3614583328125 0.3808333328125 0.3546875 0.37 0.3541666671875 0.3583333328125 0.3572916671875 0.3375 0.34375 0.3358333328125 0.3416666671875 0.3375 0.3421875 0.3441666671875 0.3380208328125 0.34750000000000003 0.3333333328125 0.3458333328125 0.33541666718749996 0.4525 0.3385416671875 0.45499999999999996 0.3619791671875 0.44749999999999995 0.3651041671875 0.44166666718750003
2 0.47447916718750005 0.4266666671875 0.484375 0.4258333328125 0.4927083328125 0.4491666671875 0.5057291671875 0.465 0.509375 0.465 0.5119791671875 0.4 0.5088541671875 0.3891666671875 0.4984375 0.385 0.46302083281249995 0.38416666718750003 0.45989583281249996 0.3875 0.45885416718750005 0.3983333328125 0.4583333328125 0.4175 0.4609375 0.42416666718749996 0.46666666718750005 0.4216666671875 0.47447916718750005 0.4266666671875
3 0.4369791671875 0.43166666718749996 0.42395833281249995 0.43333333281249997 0.4192708328125 0.44166666718750003 0.41875 0.45 0.4203125 0.45083333281250004 0.4348958328125 0.4375 0.4369791671875 0.43166666718749996
3 0.3026041671875 0.505 0.3109375 0.5158333328125 0.3140625 0.5283333328125 0.321875 0.5366666671875 0.3453125 0.5375 0.3729166671875 0.5333333328125 0.3848958328125 0.5291666671875 0.3916666671875 0.48250000000000004 0.3963541671875 0.4716666671875 0.4140625 0.45416666718750004 0.3932291671875 0.46166666718749994 0.3890625 0.46666666718750005 0.3729166671875 0.47083333281249995 0.36666666718749996 0.4525 0.35989583281250004 0.4491666671875 0.3453125 0.45416666718750004 0.334375 0.4625 0.28958333281250004 0.47416666718749995 0.2822916671875 0.4791666671875 0.28125 0.48166666718749995 0.290625 0.49833333281250003 0.2984375 0.505 0.3026041671875 0.505
2 0.39010416718749996 0.6283333328125 0.3880208328125 0.54 0.3864583328125 0.5341666671875 0.3317708328125 0.545 0.3317708328125 0.5958333328125 0.3359375 0.6433333328125 0.3921875 0.6383333328125 0.39010416718749996 0.6283333328125
8 0.40260416718750003 0.6433333328125 0.453125 0.6408333328125 0.4546875 0.6383333328125 0.45 0.6291666671875 0.4166666671875 0.5700000000000001 0.40260416718750003 0.51 0.4015625 0.5008333328125001 0.40520833281249996 0.49749999999999994 0.40416666718750005 0.49416666718749996 0.3963541671875 0.48 0.39114583281250004 0.4875 0.3890625 0.4966666671875 0.3880208328125 0.53 0.390625 0.6216666671875 0.3953125 0.6383333328125 0.40260416718750003 0.6433333328125
8 0.5223958328125 0.6366666671875 0.5265625 0.63 0.5286458328125 0.6191666671875 0.5270833328125 0.5166666671875 0.5255208328125 0.4933333328125 0.5223958328125 0.4841666671875 0.5130208328125 0.47750000000000004 0.4927083328125 0.4783333328125 0.5104166671875 0.5825 0.4947916671875 0.6008333328125001 0.4661458328125 0.6266666671875 0.4625 0.6341666671875 0.46197916718750004 0.6383333328125 0.46875 0.6416666671875 0.5083333328124999 0.6408333328125 0.5223958328125 0.6366666671875
2 0.5171875 0.3966666671875 0.5125 0.4 0.5109375 0.4658333328125 0.5213541671875 0.4683333328125 0.5203125 0.3991666671875 0.5171875 0.3966666671875