0 0.52610078125 0.6581806703125 0.542583309375 0.6594987890625 0.5521981109375 0.645878215625 0.5494510390625 0.6278639375 0.545879815625 0.5817297796875 0.47747641406249997 0.47298496874999996 0.4281139953125 0.4764999484375 0.43709512500000003 0.5421862156249999 0.4914874703125 0.6388482546875001 0.509343534375 0.6573019171875 0.52610078125 0.6581806703125
8 0.33516235625 0.6614759671875 0.439551696875 0.61182681875 0.4436723296875 0.5964487593750001 0.4260909578125 0.4747424640625 0.40438897812499996 0.4738637109375 0.4035648515625 0.45760691875 0.30988912812499997 0.492756759375 0.2975378515625 0.523952225 0.313185634375 0.6373104421875 0.322800459375 0.6430223046875 0.33516235625 0.6614759671875
2 0.3882232390625 0.329969078125 0.308659478125 0.3341431171875 0.3088324078125 0.45562974062499995 0.3926185875 0.45343286875000005 0.3882232390625 0.329969078125
0 0.24795278281250002 0.3215539984375 0.2424744578125 0.32653933125 0.236807228125 0.33424393750000003 0.23378470468749998 0.34104211875 0.23028991406250002 0.348746725 0.228117475 0.3617388078125 0.22981764375 0.37095411875 0.22989734374999998 0.3778278390625 0.2308418765625 0.3855324453125 0.23480893749999998 0.3962584671875 0.24057062343750002 0.404416284375 0.24897701093750002 0.4115166046875 0.26267281875 0.41544444374999995 0.29280359218749996 0.4249618984375 0.300359903125 0.4205808453125 0.3070661140625 0.41227195937500005 0.30709841718750003 0.3700476953125 0.29952457187500003 0.3484445890625 0.26703245 0.3212518609375 0.25532018125 0.31868365781249997 0.24795278281250002 0.3215539984375
2 0.5226055671875 0.3116457078125 0.3994779296875 0.31984690625 0.40682034062500005 0.4740824359375 0.5302143312500001 0.45926736874999996 0.5226055671875 0.3116457078125
2 0.26614583281250004 0.5433333328125001 0.2979166671875 0.5408333328125 0.2979166671875 0.5258333328125 0.3046875 0.5025000000000001 0.3104166671875 0.4925 0.3229166671875 0.4858333328125 0.3234375 0.4766666671875 0.3229166671875 0.47083333281249995 0.3203125 0.4683333328125 0.2760416671875 0.47000000000000003 0.2619791671875 0.4733333328125 0.2604166671875 0.475 0.2640625 0.505 0.2635416671875 0.5408333328125 0.26614583281250004 0.5433333328125001
2 0.309375 0.6141666671875 0.2984375 0.5458333328125 0.259375 0.5525 0.2578125 0.5558333328125 0.2635416671875 0.6483333328125 0.2677083328125 0.65 0.315625 0.64 0.309375 0.6141666671875
2 0.4270833328125 0.6233333328125 0.41197916718750005 0.6275000000000001 0.4322916671875 0.63 0.4682291671875 0.625 0.4760416671875 0.62 0.4671875 0.5974999999999999 0.45520833281249995 0.5808333328125 0.45 0.5641666671875 0.4479166671875 0.5683333328125 0.4505208328125 0.5974999999999999 0.446875 0.6066666671875 0.4270833328125 0.6233333328125
2 0.5239583328124999 0.5041666671875 0.5239583328124999 0.4883333328125 0.5182291671875 0.4658333328125 0.48541666718750004 0.47000000000000003 0.484375 0.47416666718749995 0.5119791671875 0.5083333328124999 0.5182291671875 0.5083333328124999 0.5239583328124999 0.5041666671875
2 0.40208333281249997 0.4225 0.40208333281249997 0.41 0.39791666718749996 0.32166666718750003 0.3895833328125 0.3233333328125 0.3927083328125 0.42000000000000004 0.3953125 0.4258333328125 0.4 0.4266666671875 0.40208333281249997 0.4225
2 0.36770833281250004 0.4683333328125 0.375 0.46666666718750005 0.3776041671875 0.4625 0.3765625 0.4583333328125 0.3572916671875 0.4583333328125 0.3375 0.45583333281250005 0.334375 0.4591666671875 0.3333333328125 0.4766666671875 0.3338541671875 0.48166666718749995 0.3385416671875 0.4808333328125 0.36770833281250004 0.4683333328125
2 0.3723958328125 0.4625 0.378125 0.4625 0.3817708328125 0.45999999999999996 0.38229166718749996 0.4583333328125 0.3807291671875 0.45499999999999996 0.3447916671875 0.4566666671875 0.34375 0.4583333328125 0.34427083281250004 0.4591666671875 0.3635416671875 0.45999999999999996 0.3723958328125 0.4625
2 0.3213541671875 0.46666666718750005 0.3239583328125 0.47083333281249995 0.3255208328125 0.47750000000000004 0.3265625 0.4791666671875 0.3270833328125 0.48166666718749995 0.32864583281250004 0.48333333281249996 0.3307291671875 0.48333333281249996 0.33125 0.48250000000000004 0.3338541671875 0.48166666718749995 0.3348958328125 0.4791666671875 0.3369791671875 0.4566666671875 0.3348958328125 0.45499999999999996 0.31979166718749996 0.45583333281250005 0.31875 0.4575 0.31875 0.4591666671875 0.3203125 0.46166666718749994 0.3213541671875 0.46666666718750005
2 0.40208333281249997 0.425 0.40052083281249995 0.4225 0.39375 0.4233333328125 0.3942708328125 0.45083333281250004 0.4010416671875 0.4533333328125 0.403125 0.45 0.40208333281249997 0.425