2 0.26508482187500004 0.3440703671875 0.24655449843750002 0.3833926921875 0.323563125 0.46849744375 0.3630754875 0.500236196875 0.3797584796875 0.4595094921875 0.26508482187500004 0.3440703671875
2 0.44855838124999997 0.5127350625 0.437143703125 0.5298683703125 0.43415833125000003 0.5439120515625 0.43837298281250003 0.6417965640625 0.5144123171875 0.6364599656250001 0.5109001125 0.5380137015625001 0.510724496875 0.507398465625 0.44855838124999997 0.5127350625
2 0.51614814375 0.6155348609375 0.5308994265625 0.6135687625 0.52826526875 0.5270596249999999 0.5269894015625 0.493354771875 0.5117578765624999 0.49195040624999997 0.5110554453125 0.5276213765625 0.51614814375 0.6155348609375
8 0.36157960624999996 0.5631519125 0.2928986703125 0.49798919062499997 0.2583206328125 0.5513552140625 0.348760034375 0.6353364625 0.36157960624999996 0.5631519125
2 0.3731698984375 0.40150905156250005 0.4128578765625 0.39926206875000003 0.41127738125 0.32707750625 0.34819569375000003 0.3324141046875 0.34858443437500003 0.333818478125 0.350164928125 0.375387790625 0.3731698984375 0.40150905156250005
2 0.316396603125 0.610409334375 0.2632904140625 0.6112051734375 0.2646480234375 0.6364067921875 0.3193820984375 0.6364067921875 0.316396603125 0.610409334375
2 0.3869791671875 0.5725 0.40260416718750003 0.5908333328125 0.41875 0.5866666671874999 0.5010416671875 0.4308333328125 0.5067708328125 0.41916666718749995 0.5072916671875001 0.41333333281250006 0.46979166718750004 0.3641666671875 0.46197916718750004 0.3583333328125 0.4536458328125 0.35750000000000004 0.45 0.3608333328125 0.4109375 0.4408333328125 0.4109375 0.4491666671875 0.4270833328125 0.47083333281249995 0.3838541671875 0.5650000000000001 0.3869791671875 0.5725
2 0.5109375 0.49833333281250003 0.5145833328125 0.4933333328125 0.5255208328125 0.4916666671875 0.5234375 0.4625 0.48229166718750005 0.4608333328125 0.4609375 0.5033333328125 0.459375 0.5125 0.4625 0.5141666671875 0.509375 0.5091666671875 0.5109375 0.49833333281250003
2 0.3786458328125 0.575 0.38229166718749996 0.5691666671875 0.4265625 0.475 0.4265625 0.47000000000000003 0.4223958328125 0.46333333281250005 0.3859375 0.41333333281250006 0.3536458328125 0.37666666718749997 0.346875 0.3758333328125 0.33125 0.4066666671875 0.33125 0.4108333328125 0.340625 0.4225 0.3796767828125 0.46202735937500006 0.36411564687500003 0.50316256875 0.321875 0.47000000000000003 0.3088541671875 0.45583333281250005 0.3005208328125 0.4716666671875 0.3 0.4791666671875 0.3322916671875 0.5358333328125 0.375 0.5758333328125 0.3786458328125 0.575
2 0.3088541671875 0.38 0.3151041671875 0.3958333328125 0.3255208328125 0.4066666671875 0.328125 0.4058333328125 0.325 0.33999999999999997 0.2967013890625 0.34249999999999997 0.26614583281250004 0.3408333328125 0.2671875 0.34750000000000003 0.28177083281250004 0.35583333281249996 0.3005208328125 0.3758333328125 0.3088541671875 0.38
2 0.2854166671875 0.5066666671875 0.290625 0.5 0.29722222187499997 0.49916666718749997 0.3114583328125 0.5016666671875 0.3005208328125 0.4791666671875 0.3088541671875 0.45416666718750004 0.2604166671875 0.3991666671875 0.25 0.39249999999999996 0.2494791671875 0.3975 0.25729166718749996 0.40083333281250005 0.2614583328125 0.5066666671875 0.2854166671875 0.5066666671875
2 0.3484375 0.3608333328125 0.340625 0.36 0.3369791671875 0.3675 0.33645833281250004 0.3866666671875 0.3380208328125 0.39249999999999996 0.3479166671875 0.375 0.3484375 0.3608333328125
2 0.3885416671875 0.4141666671875 0.409375 0.4375 0.421875 0.4175 0.45 0.36 0.446875 0.3566666671875 0.415625 0.35750000000000004 0.41614583281249995 0.394722221875 0.40833333281249995 0.40499999999999997 0.3848958328125 0.4066666671875 0.3885416671875 0.4141666671875