2 0.3177083328125 0.635 0.3182291671875 0.6108333328125 0.2828125 0.61 0.2635416671875 0.6141666671875 0.2640625 0.635 0.265625 0.6366666671875 0.3145833328125 0.6375 0.3177083328125 0.635
2 0.271875 0.41333333281250006 0.3125 0.46749999999999997 0.3182291671875 0.47000000000000003 0.3291666671875 0.485 0.3479166671875 0.5033333328125 0.3572916671875 0.505 0.359375 0.5008333328125001 0.3661458328125 0.49749999999999994 0.3734375 0.4808333328125 0.37552083281250004 0.47083333281249995 0.3692708328125 0.4641666671875 0.3505208328125 0.4308333328125 0.34375 0.4308333328125 0.3359375 0.4258333328125 0.3265625 0.4125 0.3234375 0.3958333328125 0.3182291671875 0.3875 0.2828125 0.3525 0.2635416671875 0.3458333328125 0.2578125 0.3533333328125 0.24895833281250002 0.3758333328125 0.2494791671875 0.3858333328125 0.2552083328125 0.3916666671875 0.2609375 0.4033333328125 0.271875 0.41333333281250006
2 0.3479166671875 0.44000000000000006 0.3583333328125 0.44749999999999995 0.3723958328125 0.46666666718750005 0.3734375 0.4766666671875 0.3697916671875 0.49000000000000005 0.3546875 0.5066666671875 0.3505208328125 0.5075000000000001 0.321875 0.48 0.31875 0.47083333281249995 0.3104166671875 0.46333333281250005 0.3067708328125 0.4625 0.3067708328125 0.4658333328125 0.3203125 0.5133333328125 0.32864583281250004 0.5275000000000001 0.3625 0.5675 0.36770833281250004 0.5683333328125 0.3734375 0.5633333328125001 0.42083333281249996 0.4875 0.421875 0.47583333281250006 0.4010416671875 0.4233333328125 0.3921875 0.4125 0.3697916671875 0.36833333281249997 0.3609375 0.3675 0.3515625 0.375 0.3328125 0.40833333281249995 0.3307291671875 0.41333333281250006 0.3322916671875 0.41916666718749995 0.3427083328125 0.4225 0.3479166671875 0.44000000000000006
2 0.3880208328125 0.40083333281250005 0.40833333281249995 0.4 0.4135416671875 0.3966666671875 0.4135416671875 0.3483333328125 0.4114583328125 0.3258333328125 0.3526041671875 0.325 0.3494791671875 0.3283333328125 0.3494791671875 0.3775 0.35885416718749996 0.36583333281249997 0.36875 0.3716666671875 0.3880208328125 0.40083333281250005
2 0.3479166671875 0.3725 0.3473958328125 0.3608333328125 0.3411458328125 0.36 0.3369791671875 0.3675 0.3380208328125 0.39 0.3458333328125 0.3825 0.3458333328125 0.3758333328125 0.3479166671875 0.3725
2 0.32083333281250004 0.40499999999999997 0.32864583281250004 0.40499999999999997 0.3338541671875 0.40083333281250005 0.334375 0.3608333328125 0.3302083328125 0.3491666671875 0.3223958328125 0.3441666671875 0.2828125 0.3483333328125 0.28125 0.3491666671875 0.2833333328125 0.3533333328125 0.3078125 0.3783333328125 0.32083333281250004 0.40499999999999997
2 0.3166666671875 0.5016666671875 0.3098958328125 0.46666666718750005 0.2838541671875 0.43166666718749996 0.2786458328125 0.4183333328125 0.26614583281250004 0.40833333281249995 0.2635416671875 0.4 0.259375 0.3991666671875 0.25833333281250004 0.4016666671875 0.2625 0.5075000000000001 0.2734375 0.51 0.3151041671875 0.5041666671875 0.3166666671875 0.5016666671875
2 0.5171875 0.615 0.5291666671875 0.615 0.5317708328124999 0.6091666671875 0.5260416671875 0.49416666718749996 0.5119791671875 0.49416666718749996 0.5109375 0.5283333328125 0.5161458328124999 0.5833333328125 0.5145833328125 0.6116666671875 0.5171875 0.615
2 0.5135416671875 0.635 0.509375 0.5091666671875 0.4546875 0.515 0.4380208328125 0.53 0.43385416718750003 0.5441666671875 0.4375 0.6391666671875 0.43958333281249995 0.6425 0.5041666671875 0.6383333328125 0.5135416671875 0.635
2 0.4192708328125 0.49083333281249997 0.378125 0.5583333328125 0.4010416671875 0.5866666671874999 0.40833333281249995 0.5816666671874999 0.4302083328125 0.5483333328125 0.43645833281249996 0.5325 0.4583333328125 0.4966666671875 0.46458333281249997 0.495 0.5098958328125 0.4258333328125 0.5109375 0.42000000000000004 0.4916666671875 0.3916666671875 0.4635416671875 0.3625 0.4578125 0.3616666671875 0.41197916718750005 0.445 0.4125 0.45083333281250004 0.42760416718750005 0.48 0.4265625 0.4841666671875 0.4192708328125 0.49083333281249997
2 0.5104166671875 0.495 0.5229166671875001 0.4891666671875 0.5229166671875001 0.4625 0.5119791671875 0.45999999999999996 0.4838541671875 0.46166666718749994 0.4604166671875 0.5041666671875 0.45989583281249996 0.5091666671875 0.46197916718750004 0.5116666671875 0.5088541671875 0.5075000000000001 0.5104166671875 0.495
2 0.4109375 0.43583333281250003 0.41614583281249995 0.43333333281249997 0.43072916718750004 0.4108333328125 0.45416666718750004 0.3633333328125 0.4536458328125 0.3583333328125 0.44947916718750003 0.3566666671875 0.41770833281249997 0.35750000000000004 0.41510416718750004 0.3608333328125 0.41510416718750004 0.3983333328125 0.4125 0.4025 0.3932291671875 0.40499999999999997 0.4109375 0.43583333281250003