2 0.32083333281250004 0.465 0.3177083328125 0.35 0.3057291671875 0.32166666718750003 0.2494791671875 0.3275 0.24635416718749997 0.3366666671875 0.246875 0.4641666671875 0.2677083328125 0.4891666671875 0.3270833328125 0.48333333281249996 0.32083333281250004 0.465
4 0.3598483375 0.36481176406250004 0.3563584296875 0.397074028125 0.3575217328125 0.43057714843749995 0.3625 0.45583333281250005 0.3619791671875 0.4791666671875 0.3473958328125 0.4916666671875 0.3453125 0.505 0.3463541671875 0.5183333328125 0.3625 0.5141666671875 0.36770833281250004 0.5075000000000001 0.3703125 0.49833333281250003 0.3786458328125 0.49083333281249997 0.3958333328125 0.5016666671875 0.4192708328125 0.5075000000000001 0.49010416718750005 0.505 0.5083333328124999 0.49083333281249997 0.52077189375 0.4665619828125 0.5269761765625 0.43492014687499997 0.5265625 0.39249999999999996 0.5145833328125 0.3616666671875 0.49427083281249995 0.3333333328125 0.4838541671875 0.3275 0.4484375 0.32 0.40056393593750006 0.3244839328125 0.395910725 0.3269656453125 0.375746809375 0.34123549375 0.36682815468749996 0.32386350468749997 0.3515625 0.315 0.3453125 0.3175 0.34375 0.3225 0.34322916718749996 0.3341666671875 0.3423987953125 0.35860748125 0.352868521875 0.3629504796875 0.3598483375 0.36481176406250004
8 0.38125 0.5725 0.384375 0.5808333328125 0.39114583281250004 0.6183333328125 0.40260416718750003 0.6358333328125 0.4140625 0.6391666671875 0.515625 0.6174999999999999 0.5192708328125 0.6091666671875 0.528125 0.5408333328125 0.509375 0.5291666671875 0.5005208328124999 0.5275000000000001 0.4984375 0.53 0.4625 0.5316666671875 0.3802083328125 0.5475 0.3760416671875 0.5549999999999999 0.3760416671875 0.5691666671875 0.378125 0.5733333328125 0.3765625 0.5758333328125 0.38125 0.5725
2 0.3447916671875 0.6341666671875 0.3427083328125 0.5516666671875 0.340625 0.5483333328125 0.3291666671875 0.5458333328125 0.2677083328125 0.5516666671875 0.25625 0.5566666671875 0.2578125 0.65 0.2598958328125 0.6533333328125 0.3291666671875 0.6483333328125 0.3447916671875 0.6341666671875
2 0.33125 0.5433333328125001 0.3307291671875 0.5325 0.3166666671875 0.52 0.3151041671875 0.5108333328125 0.3213541671875 0.4858333328125 0.3135416671875 0.4841666671875 0.2677083328125 0.4891666671875 0.2682291671875 0.5333333328125 0.2708333328125 0.5483333328125 0.2880208328125 0.5491666671875 0.33125 0.5433333328125001
2 0.375 0.5466666671875 0.3875 0.49916666718749997 0.3765625 0.4883333328125 0.3729166671875 0.49749999999999994 0.3583333328125 0.5183333328125 0.346875 0.5208333328125 0.3447916671875 0.5066666671875 0.3458333328125 0.49416666718749996 0.33541666718749996 0.4933333328125 0.3328125 0.48666666718749996 0.3317708328125 0.4566666671875 0.3296875 0.4525 0.3260416671875 0.48333333281249996 0.321875 0.48666666718749996 0.315625 0.51 0.3151041671875 0.5166666671875 0.3182291671875 0.5208333328125 0.36875 0.5558333328125 0.375 0.5466666671875
2 0.3489583328125 0.4925 0.3583333328125 0.48666666718749996 0.3645833328125 0.4783333328125 0.3635416671875 0.4725 0.365625 0.46166666718749994 0.35989583281250004 0.4095833328125 0.3604166671875 0.3725 0.353125 0.3566666671875 0.34427083281250004 0.355 0.3411458328125 0.33166666718750004 0.3359375 0.33166666718750004 0.3296875 0.3491666671875 0.32864583281250004 0.3641666671875 0.3328125 0.48666666718749996 0.3369791671875 0.4933333328125 0.3489583328125 0.4925
2 0.5151041671875001 0.3616666671875 0.5244791671875 0.3908333328125 0.5260416671875 0.3908333328125 0.528125 0.38416666718750003 0.5229166671875001 0.3183333328125 0.4682291671875 0.32083333281250004 0.46510416718750003 0.32166666718750003 0.48645833281249995 0.3266666671875 0.5036458328125 0.3416666671875 0.5151041671875001 0.3616666671875
2 0.528125 0.5441666671875 0.521875 0.5641666671875 0.521875 0.5758333328125 0.5239583328124999 0.58 0.5302083328125 0.58 0.5328125 0.5775 0.5317708328124999 0.5058333328125 0.5265625 0.47083333281249995 0.5244791671875 0.4691666671875 0.5130208328125 0.4875 0.5135416671875 0.5283333328125 0.5161458328124999 0.5341666671875 0.5255208328125 0.5391666671875 0.528125 0.5441666671875
2 0.41875 0.5091666671875 0.4166666671875 0.5058333328125 0.3880208328125 0.49749999999999994 0.3802083328125 0.5275000000000001 0.3765625 0.5483333328125 0.3994791671875 0.5425 0.4166666671875 0.5191666671874999 0.41875 0.5091666671875
2 0.5125 0.5191666671874999 0.5135416671875 0.5016666671875 0.509375 0.49583333281249997 0.49322916718750004 0.5041666671875 0.4583333328125 0.5083333328124999 0.45885416718750005 0.5216666671875 0.4614583328125 0.5266666671875 0.5098958328125 0.5225 0.5125 0.5191666671874999
2 0.3864583328125 0.6391666671875 0.4015625 0.635 0.4 0.6266666671875 0.39114583281250004 0.6174999999999999 0.3854166671875 0.585 0.3864583328125 0.5758333328125 0.3770833328125 0.5583333328125 0.371875 0.5608333328125 0.3708333328125 0.5675 0.375 0.6358333328125 0.378125 0.6391666671875 0.3864583328125 0.6391666671875