2 0.34143040468749997 0.638925328125 0.3373427671875 0.54501815625 0.2583561296875 0.5522989234375 0.2578194 0.653784046875 0.33121129374999997 0.6478405640625 0.34143040468749997 0.638925328125
2 0.5174339953125 0.619014621875 0.511116696875 0.5372916140624999 0.5046136421875 0.5337255187500001 0.3686821859375 0.558093828125 0.3721366390625 0.63535921875 0.37715329999999997 0.6407083609375 0.5174339953125 0.619014621875
2 0.51304135625 0.480234096875 0.5165716046875 0.5809762875 0.5324996640624999 0.58216496875 0.5288345515625 0.49182390624999994 0.5243752984375 0.4606205765625 0.51304135625 0.480234096875
2 0.3094185359375 0.3317733015625 0.24746479843750002 0.334206309375 0.2463000328125 0.4599979109375 0.2488365609375 0.4601436953125 0.26394601562500003 0.4901079390625 0.3299805375 0.481801015625 0.32463038593750004 0.3578728078125 0.3094185359375 0.3317733015625
4 0.3655032921875 0.47998934687499994 0.35737630625 0.4844278109375 0.34686635 0.48823221875 0.34310018593749997 0.50757128125 0.3438930671875 0.5205696765625001 0.3579666015625 0.5154971234375 0.36886864531249997 0.5063031515625 0.37540986875 0.48252560781250003 0.381158209375 0.488549246875 0.3884923140625 0.497743234375 0.40236764062499997 0.5047179765625 0.4782854625 0.5028157734375001 0.48918750624999996 0.5005965406249999 0.5004859828125 0.4926706828125 0.5117844578125 0.479355259375 0.5205061 0.465088734375 0.5260562171875 0.441311190625 0.5272455296875 0.40897373281249993 0.523281140625 0.3880494953125 0.5161452609375 0.36617415625 0.5066307546875 0.3481032234375 0.49810735624999997 0.3360559453125 0.48502491093750005 0.32749602968749997 0.46631906562500003 0.324008653125 0.424296653125 0.32432568125 0.4096284625 0.32432568125 0.395356703125 0.330349334375 0.3858421984375 0.3347878 0.374940153125 0.3462010203125 0.3729579765625 0.3363729734375 0.364830990625 0.322423478125 0.3569022484375 0.3167168671875 0.343819803125 0.318936115625 0.3421984609375 0.3566631390625 0.3551959046875 0.3617356921875 0.362133559375 0.3690274609375 0.3655032921875 0.47998934687499994
2 0.3463541671875 0.4925 0.3604166671875 0.48250000000000004 0.3645833328125 0.4625 0.3567708328125 0.4125 0.359375 0.3716666671875 0.3552083328125 0.3608333328125 0.34427083281250004 0.3533333328125 0.3427083328125 0.3308333328125 0.3338541671875 0.3291666671875 0.3296875 0.3333333328125 0.32864583281250004 0.3641666671875 0.3328125 0.4875 0.3348958328125 0.4925 0.3463541671875 0.4925
2 0.5151041671875001 0.3616666671875 0.5255208328125 0.3916666671875 0.5276041671875 0.375 0.525 0.3291666671875 0.5223958328125 0.3175 0.46770833281249996 0.32083333281250004 0.46458333281249997 0.32166666718750003 0.48854166718750003 0.3283333328125 0.5036458328125 0.3416666671875 0.5151041671875001 0.3616666671875
2 0.5114583328125 0.495 0.4916666671875 0.5041666671875 0.459375 0.5075000000000001 0.4583333328125 0.52 0.4625 0.5266666671875 0.5135416671875 0.5191666671874999 0.5114583328125 0.495
2 0.2713541671875 0.5483333328125 0.303125 0.5483333328125 0.3307291671875 0.5433333328125001 0.3307291671875 0.5333333328125 0.3265625 0.5266666671875 0.3177083328125 0.5208333328125 0.3151041671875 0.5108333328125 0.32083333281250004 0.4858333328125 0.2682291671875 0.4891666671875 0.2666666671875 0.49000000000000005 0.2697916671875 0.5083333328124999 0.2692708328125 0.5366666671875 0.2713541671875 0.5483333328125
2 0.375 0.5458333328125 0.3875 0.5008333328125001 0.38333333281250004 0.4933333328125 0.3760416671875 0.49083333281249997 0.3614583328125 0.5133333328125 0.3604166671875 0.5183333328125 0.3484375 0.5216666671875 0.34322916718749996 0.51 0.3458333328125 0.49416666718749996 0.33541666718749996 0.4933333328125 0.3328125 0.4875 0.3317708328125 0.4566666671875 0.3296875 0.4533333328125 0.3260416671875 0.48333333281249996 0.32083333281250004 0.4891666671875 0.315625 0.51 0.315625 0.5175 0.3177083328125 0.52 0.3697916671875 0.5549999999999999 0.375 0.5458333328125
2 0.42395833281249995 0.5091666671875 0.3880208328125 0.49749999999999994 0.3791666671875 0.5283333328125 0.3729166671875 0.5525 0.3932291671875 0.5525 0.40052083281249995 0.5466666671875 0.42395833281249995 0.5091666671875