2 0.5340310406250001 0.53385428125 0.530035815625 0.384025959375 0.3962439328125 0.39420847812500004 0.3998818625 0.500397484375 0.45445101406250005 0.5454914203125 0.5340310406250001 0.53385428125
0 0.2743728140625 0.44002975624999996 0.259366296875 0.45675817187499995 0.2498166953125 0.47785048437500005 0.2502714515625 0.5222171421875 0.40715776249999996 0.6233148734375 0.42762119375 0.6174962890625 0.43944449687500003 0.5993132515624999 0.44480278125000006 0.5629471453125 0.43398758125 0.5316723156250001 0.28619615781249996 0.4378477921875 0.2743728140625 0.44002975624999996
2 0.3321251796875 0.576766284375 0.3071143046875 0.55712859375 0.26001756249999997 0.55749223125 0.2589115609375 0.6589536359375 0.333944165625 0.6494984953125 0.3321251796875 0.576766284375
2 0.2989583328125 0.44749999999999995 0.30625 0.45083333281250004 0.3223958328125 0.45083333281250004 0.3776041671875 0.44749999999999995 0.38229166718749996 0.4441666671875 0.378125 0.34750000000000003 0.3807291671875 0.32 0.2984375 0.3266666671875 0.29635416718749996 0.32999999999999996 0.29739583281250004 0.36833333281249997 0.2942708328125 0.37666666718749997 0.3020833328125 0.42000000000000004 0.296875 0.4258333328125 0.29375 0.4375 0.2989583328125 0.44749999999999995
10 0.31456306562499997 0.44171732812500003 0.316505384375 0.426572734375 0.310921203125 0.4141463953125 0.3847296296875 0.32560876875 0.38084496875 0.3182306390625 0.3041230515625 0.40133173906249997 0.298053284375 0.388128765625 0.28785606874999997 0.39045870312500003 0.278985740625 0.41181645624999996 0.291983515625 0.44016404218750005 0.3038802640625 0.44793048906250005 0.31456306562499997 0.44171732812500003
2 0.3947916671875 0.42416666718749996 0.39375 0.4 0.3958333328125 0.395 0.40260416718750003 0.3916666671875 0.4328125 0.3883333328125 0.4375 0.3341666671875 0.4 0.32166666718750003 0.3921875 0.32166666718750003 0.38333333281250004 0.4 0.38229166718749996 0.4216666671875 0.3854166671875 0.4258333328125 0.3921875 0.42750000000000005 0.3947916671875 0.42416666718749996
8 0.4557291671875 0.6208333328125 0.5223958328125 0.6125 0.5291666671875 0.6058333328125001 0.5317708328124999 0.5966666671875 0.5307291671875001 0.54 0.5291666671875 0.5375 0.44114583281249997 0.5525 0.44427083281249996 0.5650000000000001 0.44375 0.5841666671875 0.43177083281249995 0.62 0.4557291671875 0.6208333328125
2 0.3963541671875 0.42750000000000005 0.3838541671875 0.425 0.38333333281250004 0.45499999999999996 0.3854166671875 0.4583333328125 0.3963541671875 0.45499999999999996 0.3963541671875 0.42750000000000005
2 0.46302083281249995 0.34500000000000003 0.4557291671875 0.3441666671875 0.4505208328125 0.3383333328125 0.4427083328125 0.3366666671875 0.4380208328125 0.3458333328125 0.4369791671875 0.3533333328125 0.43541666718750005 0.3883333328125 0.45 0.3875 0.4625 0.38166666718750003 0.46302083281249995 0.34500000000000003
2 0.3859375 0.4575 0.3427083328125 0.4658333328125 0.3927083328125 0.49583333281249997 0.396875 0.46166666718749994 0.3958333328125 0.4575 0.3859375 0.4575
2 0.4135416671875 0.6266666671875 0.378125 0.6125 0.3630208328125 0.6183333328125 0.35989583281250004 0.6224999999999999 0.359375 0.6341666671875 0.3614583328125 0.6375 0.4427083328125 0.6266666671875 0.4135416671875 0.6266666671875