2 0.318089596875 0.610625203125 0.2650469234375 0.6116983578124999 0.2653067953125 0.636738653125 0.3178659546875 0.6378118078125 0.318089596875 0.610625203125
2 0.311589803125 0.3818643359375 0.3075639953125 0.33500322968749996 0.286316684375 0.309605221875 0.22748649843750002 0.3214099265625 0.22906075 0.37041734375 0.255675803125 0.3933113125 0.311589803125 0.3818643359375
2 0.3578125 0.4966666671875 0.35989583281250004 0.44000000000000006 0.3645833328125 0.4266666671875 0.3692708328125 0.4216666671875 0.44895833281249997 0.4225 0.45416666718750004 0.42000000000000004 0.44947916718750003 0.34750000000000003 0.44635416718750004 0.3366666671875 0.4291666671875 0.3358333328125 0.4192708328125 0.33999999999999997 0.4171875 0.3541666671875 0.4114583328125 0.3708333328125 0.41041666718750003 0.3991666671875 0.40625 0.4025 0.3505208328125 0.4016666671875 0.3463541671875 0.3916666671875 0.3447916671875 0.3783333328125 0.3307291671875 0.3633333328125 0.3291666671875 0.365 0.3307291671875 0.41500000000000004 0.3375 0.49416666718749996 0.3401041671875 0.49916666718749997 0.3578125 0.4966666671875
2 0.40507800625 0.3832952046875 0.40328874375 0.3289220109375 0.3878564828125 0.29529649375 0.32943622499999997 0.3004834046875 0.331495178125 0.3550354609375 0.35095324687499996 0.38901869218749996 0.40507800625 0.3832952046875
2 0.46587478125 0.4750499578125 0.5222360859374999 0.477911709375 0.522458578125 0.407810046875 0.46117800468750003 0.40922978906249996 0.46587478125 0.4750499578125
2 0.526922528125 0.6045440015625 0.519921240625 0.5038462796875 0.5029913453125 0.5058137406250001 0.5110429609375 0.6059748859375 0.526922528125 0.6045440015625
8 0.4509016328125 0.650153090625 0.46275541249999996 0.6308363 0.464991959375 0.4378472453125 0.454927440625 0.41781502187499997 0.37172741875000004 0.413880121875 0.3589479875 0.4324814703125 0.3562951578125 0.6240396406250001 0.369714515625 0.6476490515625 0.4509016328125 0.650153090625
2 0.3291666671875 0.40833333281249995 0.3255208328125 0.3408333328125 0.3239583328125 0.3375 0.3161458328125 0.3375 0.3135416671875 0.3408333328125 0.3151041671875 0.3633333328125 0.3098958328125 0.38416666718750003 0.2588541671875 0.39416666718750004 0.2578125 0.4091666671875 0.2625 0.5025000000000001 0.33125 0.49583333281249997 0.3291666671875 0.40833333281249995
2 0.4010416671875 0.3866666671875 0.35208333281250004 0.3891666671875 0.3447916671875 0.3775 0.3447916671875 0.40416666718750005 0.4078125 0.4016666671875 0.40833333281249995 0.3791666671875 0.4010416671875 0.3866666671875
2 0.4838541671875 0.6033333328125 0.4817708328125 0.5925 0.4765625 0.4966666671875 0.4682291671875 0.495 0.4640625 0.5008333328125001 0.46302083281249995 0.6174999999999999 0.4796875 0.6183333328125 0.4838541671875 0.6125 0.4838541671875 0.6033333328125
2 0.3578125 0.6308333328125 0.3578125 0.5391666671875 0.3536458328125 0.5358333328125 0.3359375 0.54 0.334375 0.5458333328125 0.340625 0.64 0.359375 0.6408333328125 0.3578125 0.6308333328125