2 0.2697916671875 0.4875 0.28854166718749996 0.4883333328125 0.3260416671875 0.48166666718749995 0.328125 0.46166666718749994 0.3244791671875 0.3908333328125 0.325 0.365 0.3203125 0.3533333328125 0.3140625 0.34750000000000003 0.3109375 0.3341666671875 0.30625 0.3283333328125 0.3 0.3283333328125 0.2536458328125 0.3325 0.24739583281250002 0.3366666671875 0.24739583281250002 0.45499999999999996 0.25052083281250004 0.46666666718750005 0.2635416671875 0.48333333281249996 0.2697916671875 0.4875
2 0.39895833281250004 0.49000000000000005 0.45208333281249996 0.48166666718749995 0.459375 0.45583333281250005 0.459375 0.4425 0.4526041671875 0.34500000000000003 0.45 0.3308333328125 0.446875 0.325 0.3359375 0.3308333328125 0.3322916671875 0.3333333328125 0.328125 0.3483333328125 0.3296875 0.45083333281250004 0.3359375 0.49083333281249997 0.3505208328125 0.4933333328125 0.39895833281250004 0.49000000000000005
2 0.34322916718749996 0.6341666671875 0.3427083328125 0.58 0.3401041671875 0.5758333328125 0.3427083328125 0.5633333328125001 0.3421875 0.5516666671875 0.3401041671875 0.5483333328125 0.32864583281250004 0.5458333328125 0.2708333328125 0.5516666671875 0.2598958328125 0.5541666671875001 0.25729166718749996 0.5575 0.25729166718749996 0.605 0.2609375 0.6525000000000001 0.32864583281250004 0.6483333328125 0.34322916718749996 0.6341666671875
2 0.37447916718749996 0.5466666671875 0.3890625 0.4933333328125 0.3729166671875 0.4916666671875 0.33645833281250004 0.495 0.3296875 0.4841666671875 0.3244791671875 0.4841666671875 0.32083333281250004 0.4891666671875 0.315625 0.51 0.3151041671875 0.515 0.3177083328125 0.52 0.36875 0.5566666671875 0.37447916718749996 0.5466666671875
2 0.3317708328125 0.5425 0.3317708328125 0.5349999999999999 0.3291666671875 0.53 0.3151041671875 0.5166666671875 0.32083333281250004 0.4858333328125 0.2744791671875 0.4891666671875 0.26614583281250004 0.4925 0.2697916671875 0.5483333328125 0.3026041671875 0.5483333328125 0.328125 0.5458333328125 0.3317708328125 0.5425
8 0.3817708328125 0.5733333328125 0.3848958328125 0.58 0.3916666671875 0.6183333328125 0.4046875 0.6383333328125 0.41302083281249996 0.6408333328125 0.5161458328124999 0.6183333328125 0.5192708328125 0.6125 0.5234375 0.58 0.5234375 0.5616666671874999 0.5270833328125 0.5525 0.528125 0.5425 0.5057291671875 0.5258333328125 0.49791666718750005 0.525 0.3807291671875 0.5483333328125 0.37552083281250004 0.5566666671875 0.3760416671875 0.5683333328125 0.3770833328125 0.5733333328125 0.3817708328125 0.5733333328125
2 0.41510416718750004 0.5208333328125 0.4223958328125 0.5041666671875 0.4140625 0.49000000000000005 0.3921875 0.49083333281249997 0.3895833328125 0.4933333328125 0.378125 0.5358333328125 0.3765625 0.5516666671875 0.3817708328125 0.5466666671875 0.4 0.5425 0.41510416718750004 0.5208333328125
2 0.40208333281249997 0.6341666671875 0.39010416718749996 0.6141666671875 0.390625 0.6066666671875 0.3875 0.5991666671875 0.3854166671875 0.5758333328125 0.3796875 0.5591666671875 0.3765625 0.5549999999999999 0.3703125 0.5616666671874999 0.3739583328125 0.635 0.3786458328125 0.64 0.4010416671875 0.6366666671875 0.40208333281249997 0.6341666671875
2 0.5265625 0.5466666671875 0.5223958328125 0.5641666671875 0.5229166671875001 0.5791666671875 0.53125 0.58 0.5333333328125 0.5766666671875 0.5317708328124999 0.49000000000000005 0.528125 0.4625 0.525 0.4591666671875 0.5166666671875 0.4591666671875 0.5125 0.46333333281250005 0.5114583328125 0.4683333328125 0.5130208328125 0.5291666671875 0.515625 0.5341666671875 0.5239583328124999 0.5391666671875 0.5265625 0.5466666671875
2 0.5130208328125 0.5158333328125 0.5109375 0.46333333281250005 0.5125 0.4591666671875 0.5171875 0.4583333328125 0.5171875 0.45083333281250004 0.5088541671875 0.4491666671875 0.46979166718750004 0.45499999999999996 0.4578125 0.47750000000000004 0.45885416718750005 0.52 0.4609375 0.5258333328125 0.5114583328125 0.5208333328125 0.5130208328125 0.5158333328125
2 0.4703125 0.4525 0.48802083281249997 0.44749999999999995 0.5057291671875 0.4483333328125 0.521875 0.4441666671875 0.5234375 0.43916666718749997 0.5229166671875001 0.4166666671875 0.5151041671875001 0.31916666718750003 0.5041666671875 0.3175 0.4546875 0.3266666671875 0.4526041671875 0.3358333328125 0.4604166671875 0.4483333328125 0.4625 0.4516666671875 0.4703125 0.4525
9 0.4848958328125 0.4491666671875 0.49322916718750004 0.4483333328125 0.4984375 0.4408333328125 0.5052083328125 0.425 0.5072916671875001 0.4066666671875 0.5057291671875 0.3991666671875 0.5005208328124999 0.39 0.4921875 0.38416666718750003 0.4817708328125 0.385 0.4770833328125 0.3916666671875 0.47447916718750005 0.3983333328125 0.47239583281249997 0.4091666671875 0.46770833281249996 0.4233333328125 0.4671875 0.43 0.47291666718750003 0.44000000000000006 0.4791666671875 0.44666666718750003 0.4848958328125 0.4491666671875