5 0.5180085234375 0.5508224687500001 0.49867683749999997 0.409510121875 0.322463096875 0.4454448375 0.3313932890625 0.6010851515625 0.5017699078125 0.5673020531249999 0.5180085234375 0.5508224687500001
1 0.3310394046875 0.6007400890625 0.32021366093750003 0.44266922812500004 0.3379988109375 0.43319346718749996 0.31686285000000003 0.3676871671875 0.2714978140625 0.39836625468750003 0.3178938578125 0.618455621875 0.3310394046875 0.6007400890625
2 0.4671875 0.3991666671875 0.4640625 0.40750000000000003 0.465625 0.41 0.5046875 0.40833333281249995 0.5140625 0.4225 0.5166666671875 0.4375 0.5213541671875 0.43916666718749997 0.5244791671875 0.43666666718749997 0.5255208328125 0.425 0.5213541671875 0.3125 0.5182291671875 0.3083333328125 0.5098958328125 0.3083333328125 0.45416666718750004 0.3166666671875 0.4546875 0.32999999999999996 0.47083333281249995 0.3408333328125 0.4734375 0.3541666671875 0.4671875 0.3991666671875
2 0.36875 0.4266666671875 0.3828125 0.4233333328125 0.3776041671875 0.4158333328125 0.36666666718749996 0.37 0.3645833328125 0.3375 0.3614583328125 0.32166666718750003 0.3567708328125 0.3233333328125 0.33645833281250004 0.3466666671875 0.3359375 0.3541666671875 0.3401041671875 0.37 0.3625 0.41916666718749995 0.36875 0.4266666671875
6 0.375 0.41 0.37447916718749996 0.42083333281249996 0.3708333328125 0.42416666718749996 0.3776041671875 0.4258333328125 0.43541666718750005 0.4158333328125 0.45625 0.41166666718749995 0.46510416718750003 0.4066666671875 0.47239583281249997 0.3525 0.4713541671875 0.3441666671875 0.42395833281249995 0.3125 0.3734375 0.3133333328125 0.3635416671875 0.31916666718750003 0.3635416671875 0.3591666671875 0.36666666718749996 0.38 0.3723958328125 0.395 0.375 0.41
2 0.2723958328125 0.6233333328125 0.3333333328125 0.6391666671875 0.34322916718749996 0.6383333328125 0.3416666671875 0.6166666671875001 0.3260416671875 0.6258333328125001 0.3125 0.6241666671874999 0.3057291671875 0.6183333328125 0.3010416671875 0.6 0.29635416718749996 0.5475 0.290625 0.5216666671875 0.2875 0.5158333328125 0.27291666718749996 0.5233333328125 0.2708333328125 0.5316666671875 0.2677083328125 0.5691666671875 0.2635416671875 0.5825 0.2671875 0.6116666671875 0.2723958328125 0.6233333328125
2 0.3328125 0.6391666671875 0.3223958328125 0.6325000000000001 0.2713541671875 0.6208333328125 0.2708333328125 0.6416666671875 0.2744791671875 0.6441666671874999 0.3260416671875 0.6425 0.3328125 0.6391666671875
3 0.2869791671875 0.49833333281250003 0.278125 0.475 0.275 0.44166666718750003 0.2677083328125 0.43583333281250003 0.26614583281250004 0.43833333281250003 0.2671875 0.5066666671875 0.275 0.5166666671875 0.2869791671875 0.5133333328125 0.2869791671875 0.49833333281250003
3 0.3104166671875 0.3691666671875 0.31302083281250004 0.3616666671875 0.31875 0.3566666671875 0.3192708328125 0.3508333328125 0.31875 0.34500000000000003 0.3114583328125 0.3441666671875 0.2625 0.34750000000000003 0.2630208328125 0.3875 0.26614583281250004 0.39 0.275 0.3891666671875 0.3104166671875 0.3691666671875
8 0.4109375 0.6466666671875 0.42760416718750005 0.6275000000000001 0.43177083281249995 0.6191666671875 0.4265625 0.62 0.41197916718750005 0.6116666671875 0.3994791671875 0.615 0.39895833281250004 0.6208333328125 0.4046875 0.6408333328125 0.40416666718750005 0.65 0.4109375 0.6466666671875
2 0.5041666671875 0.6166666671875001 0.5052083328125 0.5816666671874999 0.509375 0.575 0.5046875 0.5691666671875 0.4838541671875 0.5775 0.4526041671875 0.6075 0.45208333281249996 0.615 0.45520833281249995 0.6191666671875 0.5020833328125 0.6258333328125001 0.5041666671875 0.6166666671875001
2 0.5145833328125 0.6266666671875 0.5255208328125 0.6266666671875 0.528125 0.6241666671874999 0.5276041671875 0.5291666671875 0.5234375 0.525 0.5151041671875001 0.5283333328125 0.5161458328124999 0.5508333328125 0.5114583328125 0.5608333328125 0.5119791671875 0.6191666671875 0.5145833328125 0.6266666671875